100
11 69
51 54
55 44
50 1
15 97
57 48
73 78
52 52
51 44
59 51
55 52
86 93
77 34
49 47
78 75
89 12
53 46
1 42
91 77
67 28
94 3
54 57
9 76
46 44
12 3
52 44
59 35
54 7
3 91
13 53
51 40
49 46
22 73
89 35
17 2
72 2
14 33
45 45
54 52
51 73
67 56
11 33
55 50
43 31
78 38
5 33
75 21
83 97
53 59
26 11
43 2
90 79
61 39
37 59
55 71
83 66
53 52
73 6
52 47
49 63
80 55
46 58
5 5
92 42
44 44
61 77
50 55
51 50
49 41
76 97
53 40
55 47
47 54
18 78
53 42
59 30
44 43
63 55
19 52
24 93
53 55
93 99
44 50
50 47
80 68
52 54
57 51
30 32
98 28
26 23
74 65
38 24
48 52
37 86
61 58
55 46
14 0
49 56
50 63
4 83
