500
439 216
150 406
254 247
239 253
251 245
235 268
137 123
230 248
420 359
288 272
164 377
348 391
243 247
433 81
468 161
31 74
262 257
258 246
347 469
274 226
268 253
246 265
267 253
491 333
270 25
428 173
43 240
271 435
349 451
51 266
264 271
444 28
154 345
153 379
261 229
206 374
52 420
119 49
238 248
247 229
255 236
266 275
250 255
336 184
470 167
348 459
263 247
184 496
110 139
4 163
5 415
104 420
420 312
61 261
258 267
103 321
244 236
377 141
167 189
442 161
243 256
383 287
132 414
240 274
496 21
232 232
162 279
256 117
390 190
175 87
92 213
243 245
203 297
47 481
381 108
259 255
165 296
253 260
217 244
240 250
235 243
260 305
252 250
252 244
136 201
287 400
373 198
134 233
246 243
263 253
261 258
233 248
254 224
239 77
25 172
55 471
471 130
250 247
165 211
16 398
113 430
336 71
77 148
428 208
268 235
1 183
242 251
256 229
424 347
403 455
199 424
126 4
34 442
357 45
349 174
471 340
236 254
269 241
140 388
229 350
232 165
157 220
235 233
279 421
142 73
432 311
302 270
460 449
247 253
409 443
241 248
64 385
263 295
388 42
236 140
76 182
45 2
363 225
350 95
255 251
268 424
235 262
309 235
255 472
67 118
268 246
226 266
184 210
433 247
257 268
366 5
246 258
62 116
415 495
52 450
268 186
252 248
349 441
248 247
262 488
259 232
203 393
372 78
243 254
418 95
107 385
182 172
2 158
394 498
255 245
244 226
7 435
18 262
237 241
321 364
478 327
150 463
135 230
201 373
320 437
208 324
262 259
232 68
383 83
278 16
230 42
73 398
420 265
248 251
136 132
128 378
261 227
469 286
62 382
242 252
358 55
237 301
367 449
241 241
250 262
248 250
203 149
226 457
499 325
257 247
454 404
75 8
493 437
220 369
285 400
370 429
289 184
62 333
263 252
257 254
118 313
118 82
216 440
271 2
95 38
309 278
237 243
246 248
273 340
460 445
237 238
443 419
53 223
291 127
179 25
198 405
66 309
250 238
415 474
232 249
20 54
234 228
235 270
179 194
269 250
141 456
102 296
159 271
161 80
251 266
408 275
358 395
287 319
24 381
275 487
436 73
469 155
65 452
132 97
439 481
243 153
245 264
284 441
444 171
309 460
169 8
338 10
235 227
292 29
44 84
417 248
256 240
277 85
241 251
241 234
458 446
256 261
323 5
433 491
389 125
374 482
16 106
275 106
257 244
360 76
260 226
184 31
373 358
268 268
256 257
237 249
238 246
263 246
264 262
245 249
249 257
347 115
476 249
50 216
253 255
237 253
227 430
348 138
231 41
16 177
354 158
193 5
360 225
259 181
235 242
270 251
271 7
162 86
216 83
489 264
266 257
34 103
474 135
246 256
455 343
357 182
235 258
347 6
192 292
253 156
263 72
193 49
257 248
246 270
265 246
21 31
225 263
263 268
317 213
144 125
131 437
28 470
428 30
253 253
418 391
181 78
35 124
48 250
311 176
255 252
376 334
242 269
427 35
323 405
262 241
286 284
480 18
238 247
276 239
235 237
290 304
147 334
252 333
194 333
24 274
90 77
455 198
285 66
238 370
253 246
370 168
245 261
128 127
206 366
366 176
242 259
152 270
245 265
259 244
110 98
204 445
482 420
23 36
449 375
180 360
116 448
477 439
172 231
262 242
486 214
189 25
132 65
249 250
261 268
265 263
465 372
230 245
267 239
94 448
255 221
240 276
171 333
460 212
292 160
258 251
247 263
248 239
159 466
262 245
163 369
466 170
299 120
243 253
167 44
494 149
234 253
245 248
239 242
404 498
266 264
150 451
246 257
258 262
251 258
264 255
199 366
261 285
395 237
68 71
230 247
434 356
301 372
316 436
244 237
249 274
53 52
423 479
261 261
310 373
91 469
346 102
494 44
450 312
288 265
272 238
260 266
462 467
242 245
199 118
245 240
60 319
250 232
116 426
317 276
242 238
258 264
90 252
112 172
425 48
110 370
109 183
121 42
243 250
238 245
143 13
174 496
452 331
90 280
356 438
260 243
244 250
375 46
264 247
257 260
306 239
244 235
132 44
250 231
460 351
255 244
261 252
380 126
59 282
225 375
248 237
479 409
10 207
67 190
337 166
365 422
269 222
249 237
270 290
358 449
263 249
18 102
242 233
142 30
311 90
244 243
9 418
252 251
70 20
22 323
150 455
336 69
255 246
4 435
245 92
448 379
