250
131 130
187 137
231 199
114 112
85 128
30 226
73 78
134 139
244 175
134 127
221 72
200 86
6 190
16 242
129 114
43 11
64 210
122 127
117 133
119 129
102 245
111 112
135 68
160 69
80 144
69 46
66 109
128 121
204 79
138 123
199 210
239 130
121 131
118 133
117 122
205 180
123 128
119 132
130 121
122 137
43 14
5 236
218 7
58 29
203 155
112 134
189 59
68 177
125 130
116 37
196 102
185 63
51 137
15 76
103 234
15 169
36 218
223 162
132 120
110 121
130 125
110 114
161 171
185 67
10 132
211 140
24 128
190 62
128 124
132 122
243 159
122 131
86 163
133 120
136 236
33 147
121 126
17 4
187 105
1 92
193 127
247 163
113 120
129 138
119 110
161 128
118 129
134 140
30 241
88 146
198 198
39 3
37 51
37 130
228 0
169 44
34 37
56 65
102 206
165 247
174 54
139 53
75 0
110 127
233 3
125 138
130 118
68 52
9 112
221 85
136 108
123 118
109 233
191 61
176 185
112 119
115 122
129 119
50 222
136 122
18 240
195 19
16 196
196 156
59 78
109 158
124 127
120 134
209 110
94 239
90 184
224 154
128 117
242 10
61 12
110 133
118 234
124 58
212 126
9 121
129 127
118 124
180 194
113 135
157 177
126 133
167 122
63 72
147 117
133 115
188 106
147 187
125 125
105 141
129 137
114 141
126 129
112 230
110 147
204 132
53 126
120 132
132 134
116 120
129 124
51 29
128 119
149 37
217 34
135 117
190 85
204 180
210 187
36 118
62 196
140 80
34 181
128 141
34 57
153 3
82 110
40 117
195 148
112 200
21 39
53 146
111 121
94 21
193 137
149 223
125 116
124 133
124 126
221 43
125 133
97 220
148 22
128 115
103 123
117 112
167 192
89 180
198 47
222 68
64 79
140 135
191 172
107 14
185 202
113 101
32 153
121 130
121 156
127 115
124 241
119 0
127 125
246 194
42 8
130 247
48 86
34 128
227 73
41 99
126 132
126 120
117 34
107 127
90 114
231 156
125 128
234 52
248 39
78 30
205 38
131 119
92 9
169 40
192 129
113 126
46 128
121 129
126 137
122 246
234 120
98 34
88 211
144 162
168 41
34 5
