2018
949 1712
1005 1011
688 493
1740 743
1624 529
435 170
1027 1014
840 1557
1012 997
992 984
409 15
1355 1446
1130 1138
1012 974
1731 644
128 1166
1899 1188
1020 1029
962 223
1028 977
401 750
981 940
1897 1713
340 810
1037 1044
1830 432
963 977
1034 1025
1004 1011
779 742
1033 1011
670 122
133 1174
975 1056
1002 1030
774 1961
1004 1055
891 111
1266 1939
871 1219
1013 1012
681 386
1331 1660
810 1615
1896 1868
1007 977
78 1427
1019 1615
1013 1019
1005 1069
2005 301
1364 226
18 346
991 1029
1214 513
689 205
115 543
1170 1843
681 574
391 1838
1782 320
1333 1294
1733 1990
346 693
40 956
1010 1004
994 1015
1361 803
283 1677
634 656
1412 666
128 605
1035 1041
1116 1113
730 1521
1753 893
1039 966
1413 1582
1222 1167
1674 1132
1234 66
559 634
1690 1717
1369 614
1161 1374
117 1991
764 1525
1045 1021
919 686
1969 796
1394 767
473 455
1566 1384
15 1234
1022 1011
502 1447
1643 899
580 736
960 1041
78 1360
1988 1434
979 1009
1235 1328
1613 1960
164 1028
1056 728
959 1048
59 933
1196 677
326 184
1774 1059
1025 1001
1153 177
993 1007
74 628
1334 1715
988 975
1372 1229
1038 1853
1003 998
1286 1534
1023 1028
1877 860
1017 989
1768 1910
1010 965
211 1852
1012 998
990 1019
1012 1036
1140 1483
184 436
989 976
1402 1868
504 1125
946 1046
1448 1378
1291 105
708 1697
387 933
1948 1028
1035 946
987 1045
1238 1861
893 1259
1252 767
327 1194
656 673
360 1792
471 1278
1022 992
1973 1988
1092 1491
344 1481
512 350
413 1958
1114 102
1027 1018
388 149
938 930
1009 998
262 1639
1041 1004
1930 638
1906 256
1035 1017
1042 1013
1001 997
52 767
1447 827
1372 907
1454 1176
1651 748
1452 556
986 1014
1394 1185
1565 7
1034 1011
1040 1006
817 1309
1536 1075
1504 908
74 1605
172 352
1030 1024
985 996
419 1152
1023 1039
22 254
90 1714
628 913
106 1826
379 1366
1051 1012
252 916
998 1026
1995 1305
1038 999
1015 977
296 403
1024 993
1001 1022
1560 1971
916 1018
443 1541
137 17
986 1013
404 1662
44 1353
1469 233
1002 1000
549 508
963 1010
985 1011
1024 1195
190 239
1055 168
1302 975
773 756
460 1526
1054 1710
1048 1012
697 1308
991 1017
962 1014
1147 1926
987 997
923 1050
1294 1253
1853 216
344 304
1288 529
362 121
798 1297
1375 1216
349 1101
1912 1755
1017 1027
215 544
1934 1175
491 360
1010 981
773 609
145 972
386 1709
973 962
1448 972
1893 716
1330 556
335 1009
1047 1015
1735 88
463 844
972 998
450 301
1091 752
1296 275
1019 1037
1147 27
986 1044
1142 399
1746 1951
999 1014
1251 1090
359 638
1392 1546
279 959
1008 1031
54 720
1014 1033
1740 230
685 1290
1015 1019
1027 996
1033 1990
1470 1586
1449 41
1000 1000
55 1356
569 753
1889 932
1009 1023
763 1673
760 1095
1021 1039
1092 1312
1005 1039
1691 1023
334 1339
73 475
998 990
692 249
1299 375
995 1036
1030 1073
982 994
1041 1040
992 996
1001 1015
989 1012
931 674
1330 1754
613 26
1030 967
1154 1081
1375 1693
1687 161
1558 327
67 1369
1018 988
1002 969
1646 1438
1017 1036
1012 996
789 1508
590 880
1719 921
1017 940
1026 999
305 579
648 1502
1015 997
841 1714
1031 999
984 980
1599 1652
304 1418
969 1045
1007 979
978 1788
1779 1033
1525 369
995 1010
1052 975
1664 1643
883 1324
1097 427
797 303
496 541
1039 1015
1536 1796
1007 998
887 1502
1038 1012
1865 1013
490 429
1531 844
1996 1131
1031 1030
299 12
1016 1017
995 995
1013 1011
1189 524
753 1950
1049 567
308 1347
767 228
1014 1036
161 395
59 1339
76 1035
1010 1027
1030 1000
998 984
1499 551
874 890
1035 1039
1975 1395
611 435
1068 982
1230 1116
979 1054
1044 990
1030 1569
1857 1232
154 371
985 1014
784 954
244 77
1018 984
996 1044
970 1010
1411 491
872 3
909 267
1110 608
1275 1229
984 1011
0 175
137 179
980 988
1689 1462
1037 1013
94 1751
421 548
1152 185
984 1003
615 1538
1520 1346
1701 270
1683 1015
1584 257
970 1008
791 681
316 812
1005 993
1778 414
1018 1030
1001 977
157 1196
975 992
746 1591
1609 173
1042 985
983 997
1010 1054
725 1960
893 24
984 1039
1999 1240
164 403
673 1196
1628 1903
1126 594
1004 996
189 1720
1016 1028
1596 677
1251 519
718 1541
1006 1031
213 1467
686 1679
662 1259
1577 1204
834 79
1717 1312
1047 1009
1024 997
993 1004
739 1278
34 244
1456 1690
143 1911
1025 1003
1054 1011
1019 1021
999 1005
996 1027
1298 848
1047 1067
974 983
1142 848
1072 1028
975 999
266 142
1031 989
1500 1479
1000 1010
1507 985
1587 1121
723 886
1016 980
396 1225
268 1593
1518 1449
1954 1871
1013 986
1728 925
996 977
1259 1797
1009 1015
763 1105
1016 1034
999 982
1010 977
849 1457
1014 991
994 1033
992 1411
500 1288
425 1099
358 793
1188 1799
1021 996
1506 154
346 735
981 967
1006 1021
991 980
1017 1005
546 214
1042 994
1024 1019
1593 412
995 1029
1005 1017
563 257
1333 1614
1018 1053
1013 1030
1010 967
207 593
1001 1036
1738 1118
296 772
1431 1536
266 1716
1433 1177
1984 207
706 1532
390 165
853 263
1001 1059
1023 992
1292 1503
1139 1939
405 994
257 1909
511 1922
990 1006
426 1115
1101 583
1035 1043
1920 1754
1062 970
114 366
998 1051
1314 791
1027 985
1855 327
371 984
986 1023
59 1951
1821 1379
1839 115
1699 697
986 1011
1674 74
1009 1013
578 1684
979 1003
992 1002
779 950
555 312
995 1002
1021 1000
1034 1010
677 568
986 1003
1435 0
973 1018
1858 990
978 1010
1033 1026
1765 1958
981 992
668 1482
944 1030
1028 982
524 539
973 1023
1018 1018
1214 415
1678 775
1483 675
1042 1242
1836 2000
1003 1025
1651 451
1480 1601
1252 194
83 1650
223 417
1443 1553
107 579
1009 992
490 760
1344 261
18 2017
485 1744
1047 1001
1410 822
1857 491
1219 1138
181 1087
1880 1743
756 1217
1032 1008
1421 1937
1207 35
776 31
1322 604
1915 811
1051 1006
2004 143
1021 1001
1076 448
984 1004
534 768
1462 81
579 1560
950 1349
1664 422
957 646
1215 246
1599 101
1078 994
1378 43
872 1613
1019 1004
1020 984
402 1475
1022 1033
1039 1052
1818 81
972 1011
329 1414
721 840
992 1133
105 1616
47 1275
383 1626
503 1818
1038 1023
658 925
229 1917
164 850
1007 966
1844 110
1211 1207
1754 1519
270 1047
1041 978
565 1464
152 1071
1370 1335
1005 1010
1749 1912
1020 980
1006 984
991 1001
1001 1024
970 427
851 1584
357 1723
1312 964
547 964
481 568
1132 1146
483 897
674 1130
1800 1992
768 1279
803 1654
1027 1008
1000 1004
977 1009
1386 1220
998 1530
991 988
451 1928
1837 350
1948 311
1020 1018
1399 692
634 1649
1036 981
978 952
1610 1883
1034 1041
962 976
1018 975
1028 1031
1558 657
1008 996
1904 1032
848 1328
1039 1020
979 343
977 1047
1005 1034
69 898
509 442
759 1480
1008 1037
1172 381
79 600
1030 1006
142 312
563 1447
330 313
104 226
1000 980
976 934
66 1217
1009 1028
1018 1048
1010 1012
1924 1834
1027 1003
989 1015
412 101
1041 1044
580 461
258 1291
166 997
1025 975
1034 1034
1021 1007
1543 1580
1066 1527
1413 1567
1944 58
965 1034
1442 644
1518 283
979 1015
1047 1982
1010 847
1022 1003
1941 1350
990 1012
182 956
986 970
1011 994
1021 1030
444 400
980 36
1176 1947
1812 823
1012 995
1969 246
1016 963
477 271
1005 1000
419 161
889 1357
994 1019
1014 1022
993 974
1827 1714
375 1300
167 1960
2006 1298
950 1045
238 505
1035 947
1566 1767
938 557
99 1731
1086 1783
1562 706
993 1041
1315 558
891 365
1019 991
479 231
1034 192
1005 849
1532 232
1011 999
1037 1005
1032 1022
891 1474
1477 1399
2016 757
374 658
1163 909
1593 143
635 606
365 126
1041 1008
703 1437
1161 1997
614 1721
1001 1004
79 1570
781 734
211 1725
1325 815
986 1010
1040 1001
1978 1331
513 1358
1219 588
363 1204
1044 995
1719 310
912 1799
1038 1021
1757 768
1747 746
987 993
56 262
1030 1027
1063 1007
154 1175
989 1036
732 1135
1036 1000
1096 956
1012 988
1014 990
402 1059
1002 1031
1520 314
982 1019
687 1391
1000 173
497 1412
1176 244
38 933
497 1483
937 1087
810 34
1222 983
796 968
1616 1349
290 984
53 1287
1000 992
456 1361
923 419
968 1013
750 109
187 148
1047 1019
986 1622
1616 324
400 1982
1245 55
996 1007
908 1168
227 1225
959 1014
1941 1775
135 1617
994 996
1801 1210
191 2011
166 1681
849 1769
1247 318
644 641
1148 1509
1016 1024
230 30
1710 1991
1801 702
305 1313
1417 1866
1017 975
691 152
975 963
1648 1383
800 787
1448 364
1042 1015
973 1000
718 1200
1115 426
37 1714
483 275
1562 503
293 1754
1015 1044
1242 549
324 1424
984 1042
1321 352
998 1020
1006 1027
1016 1031
1026 1017
1017 994
1003 1003
1827 1629
933 365
590 1073
1224 839
881 1582
647 1012
1847 1056
1125 771
513 1378
1442 1253
668 1131
1005 1020
498 46
2001 1017
1059 245
753 1913
235 611
155 227
1021 1042
966 731
1453 216
344 1491
1074 435
765 1215
1987 1159
998 1049
695 582
989 900
993 989
1638 1526
1561 1849
857 311
997 1465
105 942
989 1039
1038 1079
1559 381
2014 1658
168 1431
980 981
1731 1228
150 822
940 220
377 215
642 266
81 1219
526 1855
735 269
135 897
1051 1046
188 642
1756 326
987 994
29 1056
429 1768
1683 1013
1004 1009
1324 1513
249 764
507 1062
991 1005
1422 500
409 1181
709 281
284 75
1461 1296
1041 966
910 1177
165 130
1454 1657
661 521
502 1409
835 1858
1003 971
1936 459
773 1931
302 1382
1746 1469
1393 1122
1016 987
1008 973
829 1693
1085 1434
416 1006
993 1012
189 1832
1016 1040
1933 1730
416 1327
1004 997
316 1817
1009 156
1403 104
1006 960
1022 990
773 281
1348 263
999 1022
1994 682
1024 1003
1227 1924
1342 93
983 974
987 1048
302 31
806 1758
77 1902
1002 1404
975 997
1074 919
1173 1404
1780 1204
587 1819
997 1004
897 253
563 0
1057 978
1960 8
603 1
1041 1009
1416 1651
1001 1008
1030 1007
1030 1045
322 1630
1044 1475
1015 1014
1003 986
465 115
1000 1035
419 274
745 654
848 821
659 1786
1896 1569
612 489
1005 1053
1005 1026
2004 374
1602 1248
1690 1906
990 1957
342 1266
1024 1001
1629 1307
1005 982
640 1143
1914 201
1841 1682
1792 352
1032 1041
33 1806
396 19
1735 325
1629 702
1072 972
981 1072
1258 261
1942 161
1365 545
1033 974
1191 678
904 159
998 1024
462 450
979 1417
995 999
1400 580
1546 1646
1011 1020
377 617
1017 221
84 975
1584 1916
977 1018
988 997
524 1892
1050 428
36 946
42 1993
1866 1261
773 47
110 987
977 1002
1174 739
829 1682
1018 1021
902 281
287 1836
1690 612
1034 1000
1045 888
983 1006
643 269
980 1013
251 1372
989 1000
1028 1022
153 965
831 1033
158 202
996 982
362 1744
1767 613
2 446
1609 537
812 1222
1848 774
167 153
968 1004
1827 1263
731 1624
1113 905
1021 990
585 1090
764 1895
642 1902
124 202
981 1019
278 452
1598 1861
1819 951
1547 1978
1006 1039
748 1703
996 1026
1015 992
260 692
1992 1271
1034 1006
1302 1199
1017 1016
1095 759
1979 16
365 1456
1055 1006
525 869
1883 1238
1035 1006
979 1563
779 33
1147 1230
970 1005
1473 1199
1054 1878
116 1210
1872 997
200 1260
1029 1006
61 1405
915 693
2004 385
1053 1005
1029 1021
1030 1167
1000 989
1281 433
1042 1056
459 1470
972 1002
188 1153
1049 1025
990 983
1029 983
1854 718
692 1374
1690 805
1017 1007
1012 980
1132 641
585 804
634 993
1006 989
176 1779
1680 418
998 1021
1005 1030
1301 1481
1010 987
1000 1632
424 285
1006 975
348 1441
553 591
1012 979
1510 462
1491 1236
1015 1028
1026 982
990 943
1033 1030
980 972
302 667
1257 1630
946 165
1548 783
1024 1023
2009 1644
1011 1008
4 1148
1003 863
545 314
1273 394
1657 1522
1028 1007
401 1205
993 1048
302 481
984 1752
999 1030
350 1931
267 1770
921 275
148 305
1011 1048
1009 1020
350 1490
1208 1815
988 1163
309 1358
737 637
268 1157
1929 1316
1567 805
1462 615
1000 984
1359 608
1809 1956
1005 1027
1001 1079
996 1015
684 1623
1003 1023
986 1017
1035 1038
1051 972
452 1036
522 219
582 432
1317 1711
583 1814
2009 936
1792 1824
346 617
1017 1989
444 1044
1033 1679
1220 1020
34 833
1014 1038
598 1106
1023 1008
966 1043
7 1554
979 1000
417 1382
1012 1017
1009 1935
1161 1370
794 461
1341 935
388 1255
1394 1822
979 1007
1199 1014
1890 641
985 991
498 1172
512 1147
1262 1275
956 1287
1001 1000
1192 12
985 271
294 1063
747 1651
427 917
178 1984
1020 1025
1166 1881
1009 999
143 650
173 142
590 162
1153 1088
1006 978
1008 990
1551 328
988 1019
1991 1128
1867 526
723 2011
969 515
839 1006
1015 1035
1751 642
625 574
1744 697
1012 849
766 1198
1360 653
881 839
1980 1097
985 976
951 1033
1565 1940
1040 966
1709 1940
1730 1644
978 1029
1423 1026
1738 1559
1601 1425
294 1091
1004 1036
1019 983
1044 1001
1037 1007
1040 1032
1760 1728
1165 438
5 1692
1950 1512
1235 1744
1114 374
1050 1009
1232 1702
1889 1514
459 1542
433 580
1404 982
863 613
1770 1931
942 370
1016 1026
694 2000
1313 1018
1909 702
1890 1169
449 441
14 319
953 757
995 985
660 285
1017 1045
471 1209
511 1252
1569 277
1410 88
1396 505
1683 111
1012 181
35 670
1447 776
1035 1924
891 76
61 1996
1043 1025
986 1028
180 1718
1033 1018
705 2010
1010 970
76 41
1601 33
368 1268
715 292
1162 764
251 1697
401 311
414 973
1112 1143
679 144
1011 1022
1303 1990
1622 1617
999 998
1369 57
1523 1190
1403 1285
1345 302
1012 982
577 245
972 1009
1727 1996
265 1361
991 1014
1722 460
418 712
940 1989
1495 1802
1382 1684
1040 1013
1531 1208
989 1014
587 1260
964 1007
518 975
999 1003
1015 1023
307 1775
1010 986
600 699
1145 1027
1338 626
573 772
1852 820
972 960
940 714
1101 1587
1051 532
1488 643
1042 1037
318 1134
1985 1861
1700 104
1250 346
672 800
166 1336
1672 767
1832 1628
1311 1797
955 1000
1766 1402
1796 400
1032 1027
1837 1576
124 1760
439 1414
901 1666
1245 669
200 141
1056 1469
989 1030
1011 1014
982 1622
1004 1034
571 874
1178 1849
1870 942
1655 689
1391 419
1939 195
1012 1033
1015 1029
719 111
1122 162
1013 995
1701 1222
735 1182
1823 59
1017 981
1747 163
1004 1041
1008 1045
991 1051
1002 993
1183 1196
1479 697
990 1038
1468 973
1125 1818
219 149
1342 1376
1335 1176
1027 1065
1199 1307
1670 1536
356 893
1579 1931
57 1869
994 990
1033 1038
88 1360
717 1177
1197 1018
1004 1001
993 1015
991 1012
1022 975
852 195
219 262
1805 364
1017 996
772 1578
1359 1878
1010 990
1011 1036
881 1438
1018 1931
137 347
1835 84
1016 996
1012 952
1010 1001
1007 1018
1174 1272
1414 1432
301 1031
1388 958
1029 999
525 1701
1592 508
1384 1487
1332 1425
1564 1847
1505 995
1844 510
978 975
968 1037
1013 982
994 1017
1441 162
18 736
1047 985
1296 499
1039 1002
1525 367
230 172
1016 1006
1361 1537
988 1715
403 343
1916 420
684 970
1030 1012
1032 1024
1020 1012
1805 629
252 404
149 1467
1004 989
1936 1587
1006 1013
418 1524
1604 1697
75 1332
1538 982
1021 1026
1670 1353
1031 1007
1798 341
2013 76
1044 1000
675 1155
336 448
992 986
1041 1039
213 393
1259 1570
48 1739
312 497
1599 525
1756 212
1608 1847
1076 977
982 1051
1638 103
417 1043
947 507
1504 66
1658 2010
1827 1088
502 896
1097 730
895 1566
1045 980
993 1002
1018 995
1080 738
1900 1506
441 109
1000 1043
1322 1325
1179 414
966 1015
987 1010
920 1092
746 1525
115 1109
751 193
973 993
1012 1015
524 1785
1042 1003
1059 222
594 1654
1057 690
1679 1957
1555 1637
993 1005
960 1023
992 1003
1018 1027
996 1456
1824 850
1549 1495
1312 224
1607 1693
1001 982
1144 661
974 987
1049 972
997 998
968 1491
217 325
367 389
566 314
1002 1057
978 1040
1011 998
234 1935
413 1660
1620 887
1013 1031
1084 989
4 906
1005 1032
109 1624
1620 1738
1412 1211
299 382
290 1283
1045 1015
1014 1004
985 1003
1034 1005
814 1729
1696 263
1053 1002
523 1685
554 576
473 60
1604 1294
1027 1023
486 1116
997 1010
1949 1869
1611 1271
1942 1813
979 1034
1619 332
372 782
293 85
1037 1077
1225 278
189 539
435 1079
973 979
182 986
1072 1030
451 1168
976 1001
1018 1000
999 1006
1045 1975
502 427
1181 508
1023 970
1427 266
1000 988
1090 469
998 1008
948 1797
1640 1199
327 743
1020 1035
997 989
1856 1198
1003 994
637 1511
990 1028
685 255
1592 1987
778 413
1030 997
1192 466
872 1751
1821 178
1790 933
972 969
1864 1905
838 585
1232 148
561 608
491 21
282 221
1920 1503
403 591
400 139
1922 1864
152 265
1002 1032
1003 836
1532 423
1702 989
1015 1003
1048 992
1030 1014
990 1033
995 1428
1198 101
1422 1084
604 775
1006 1012
545 242
1820 1775
1993 549
261 1436
126 683
132 1657
1610 1278
884 739
77 1199
164 1223
1808 944
251 685
1826 1124
987 1053
1018 1054
66 1007
1012 1031
1010 968
21 860
253 987
665 1108
847 1602
593 2014
29 703
999 1035
1001 1058
608 1294
627 1247
728 336
1543 795
1948 361
1023 994
1535 122
678 1949
990 1009
91 1000
1130 1149
307 1905
1859 1615
1899 464
1036 1042
1280 201
737 1455
1028 985
879 1366
984 1024
1794 391
992 1008
519 294
1666 1870
630 1842
980 1001
875 651
1422 14
990 1003
1183 1298
1226 464
1020 1000
1035 1009
1736 28
988 761
79 198
987 1003
1985 1483
973 1016
376 347
1448 1469
929 1570
1416 1831
455 537
1671 524
42 1233
1724 765
21 580
372 1112
344 1683
1502 1533
2002 1348
129 1618
1418 192
513 1850
531 447
975 1020
1059 484
952 1181
1390 1875
306 1306
558 1165
303 1188
353 456
1025 1027
975 990
1927 649
948 1033
1265 1088
1609 84
566 1311
1441 608
482 109
325 894
105 1614
696 1229
1024 978
1706 1170
1898 1782
1435 903
213 1163
1903 165
1366 1505
317 967
972 1029
2011 2012
1021 1017
142 972
702 0
1006 1030
162 1415
1685 1463
1354 603
104 1121
1042 1544
1982 296
421 139
1014 983
1052 996
1067 513
1570 476
577 1301
718 866
1931 1517
1029 1013
785 1761
1015 1001
1864 1597
983 1007
1023 1004
1077 994
1950 512
1140 200
7 912
1017 1009
1647 1052
1013 996
1014 1032
1039 1051
1350 544
1093 1572
829 1502
223 217
1181 1621
463 1831
291 1227
540 531
970 1025
1399 629
1022 1026
961 383
1012 960
853 1310
1038 981
1820 577
801 567
1508 1858
1954 734
1005 1014
1299 353
1604 786
1051 518
1923 189
400 489
713 803
23 1164
1177 1601
220 763
1008 985
68 520
1254 934
988 999
1026 1016
927 620
994 1004
79 1748
765 3
858 1957
122 1126
980 1005
994 989
574 489
1019 1009
1879 1930
1554 1621
230 108
1043 984
485 1465
114 612
979 947
1109 1929
1030 1042
962 981
1029 1030
48 1433
1439 1016
1001 1001
1264 1250
1312 1986
1963 1505
97 2010
14 1586
1569 1921
1835 1881
3 486
1004 1027
524 1541
1015 1042
1027 1001
998 982
297 404
1013 1024
588 1507
891 1930
1015 1046
1015 1016
1025 1000
983 924
1676 765
1726 172
985 1016
1839 806
1046 1042
1859 2000
1027 980
1033 1033
886 487
880 179
838 679
358 605
1815 600
1682 928
965 1029
1575 885
1839 883
984 1017
1019 1003
988 1018
1972 916
103 958
974 1243
809 337
1506 1264
983 968
1246 691
1012 994
1023 1027
1012 991
649 46
670 1244
1408 387
1016 960
1369 1937
1513 1261
1008 1001
560 1019
1682 720
1023 1019
1757 587
1839 1396
1475 1404
1866 763
177 433
983 976
266 412
1380 1542
1904 1747
311 740
956 1039
1038 943
210 1214
94 1377
1003 1034
954 1906
1020 997
1025 1018
453 578
1848 651
428 235
1381 1844
1025 1011
671 999
2017 693
1043 1009
996 1006
1771 663
100 1928
1954 1034
1233 276
1039 1006
351 1054
1041 998
474 1746
1250 19
825 1522
1039 1019
988 992
271 1651
727 1728
1031 1026
233 861
1563 69
409 1794
1763 233
1347 132
1098 174
1060 1007
1033 1003
52 542
628 1104
1901 630
1011 989
468 64
878 1952
729 341
222 1168
805 952
523 531
516 240
1891 337
1017 988
306 744
1004 1024
1960 152
988 1016
999 999
1905 258
807 1042
175 115
